{
 "cells": [
  {
   "cell_type": "markdown",
   "metadata": {},
   "source": [
    "# Plotting in 3D"
   ]
  },
  {
   "cell_type": "code",
   "execution_count": 1,
   "metadata": {},
   "outputs": [
    {
     "data": {
      "text/html": [
       "<script type=\"text/javascript\" src=\"https://cdnjs.cloudflare.com/ajax/libs/require.js/2.1.10/require.min.js\"></script>"
      ],
      "text/plain": [
       "<IPython.core.display.HTML object>"
      ]
     },
     "execution_count": 1,
     "metadata": {},
     "output_type": "execute_result"
    }
   ],
   "source": [
    "# Temporary hack, see https://github.com/poliastro/poliastro/issues/281\n",
    "from IPython.display import HTML\n",
    "HTML('<script type=\"text/javascript\" src=\"https://cdnjs.cloudflare.com/ajax/libs/require.js/2.1.10/require.min.js\"></script>')"
   ]
  },
  {
   "cell_type": "code",
   "execution_count": 2,
   "metadata": {},
   "outputs": [
    {
     "data": {
      "text/html": [
       "<script>requirejs.config({paths: { 'plotly': ['https://cdn.plot.ly/plotly-latest.min']},});if(!window.Plotly) {{require(['plotly'],function(plotly) {window.Plotly=plotly;});}}</script>"
      ],
      "text/vnd.plotly.v1+html": [
       "<script>requirejs.config({paths: { 'plotly': ['https://cdn.plot.ly/plotly-latest.min']},});if(!window.Plotly) {{require(['plotly'],function(plotly) {window.Plotly=plotly;});}}</script>"
      ]
     },
     "metadata": {},
     "output_type": "display_data"
    }
   ],
   "source": [
    "import numpy as np\n",
    "\n",
    "from poliastro.examples import *\n",
    "from poliastro.plotting import *\n",
    "\n",
    "from plotly.offline import init_notebook_mode\n",
    "\n",
    "init_notebook_mode(connected=True)"
   ]
  },
  {
   "cell_type": "code",
   "execution_count": 3,
   "metadata": {},
   "outputs": [
    {
     "data": {
      "application/vnd.plotly.v1+json": {
       "data": [
        {
         "line": {
          "color": "rgb(31, 119, 180)",
          "dash": "dash",
          "width": 5
         },
         "mode": "lines",
         "name": "2015-11-05 12:00",
         "type": "scatter3d",
         "x": [
          85082796.65753295,
          62270582.69391766,
          38598563.262569085,
          14162057.230845422,
          -10940538.216175959,
          -36608143.78643474,
          -62737405.09152086,
          -89223108.81831867,
          -115958606.3858844,
          -142836243.381641,
          -169747793.04770055,
          -196584892.07182214,
          -223239476.92822215,
          -249604219.0112535,
          -275572956.8098195,
          -301041123.3823094,
          -325906167.4107665,
          -350067966.13885015,
          -373429228.5308395,
          -395895887.02829325,
          -417377476.3269096,
          -437787497.64837587,
          -457043767.0404208,
          -475068746.3025825,
          -491789855.20517653,
          -507139763.74426347,
          -521056663.25581074,
          -533484515.2973685,
          -544373277.2950983,
          -553679104.0475553,
          -561364524.2748423,
          -567398591.502224,
          -571757008.6706626,
          -574422225.9724971,
          -575383511.5183246,
          -574636994.5505323,
          -572185681.0294702,
          -568039441.5295123,
          -562214971.4937356,
          -554735724.0072631,
          -545631815.3599701,
          -534939903.7788107,
          -522703041.81807876,
          -508970503.00196606,
          -493797583.4174707,
          -477245379.0565729,
          -459380539.8042356,
          -440275001.0628446,
          -420005694.0937312,
          -398654236.2421341,
          -376306602.2929584,
          -353052778.28065777,
          -328986399.14723766,
          -304204371.70739055,
          -278806484.438954,
          -252895005.6699324,
          -226574271.78003332,
          -199950267.074893,
          -173130197.0246809,
          -146222056.58551514,
          -119334195.34188122,
          -92574881.2211054,
          -66051864.53661913,
          -39871944.11547655,
          -14140537.257174551,
          11038744.74460864,
          35564513.8081224,
          59338013.31756544,
          82263515.78112125,
          104248708.29178292,
          125205064.23884687,
          145048199.77332896,
          163698213.59194264,
          181080008.67144725,
          197123594.6578537,
          211764369.69287822,
          224943380.54282522,
          236607559.9824515,
          246709940.4779536,
          255209843.30864805,
          262073042.36582327,
          267271901.96919972,
          270785488.14605933,
          272599652.9249666,
          272707091.3046548,
          271107370.66868854,
          267806932.5274576,
          262819066.5804877,
          256163857.20351094,
          247868102.57577366,
          237965206.77322716,
          226495045.26210248,
          213503804.3344834,
          199043795.13240734,
          183173243.00936145,
          165956053.07733256,
          147461552.88347667,
          127764213.25255647,
          106943348.41921213,
          85082796.65753302
         ],
         "y": [
          165854558.8920778,
          176293381.01439014,
          184835064.76398504,
          191445215.795137,
          196097217.36265507,
          198772337.498122,
          199459804.4369191,
          198156849.992321,
          194868720.70200658,
          189608656.70210302,
          182397838.4138313,
          173265301.2574247,
          162247818.73674014,
          149389754.36533657,
          134742883.03026408,
          118366182.5128668,
          100325596.00607383,
          80693766.58443579,
          59549744.69610137,
          36978669.8545644,
          13071427.811891437,
          -12075715.406123698,
          -38361501.12926975,
          -65680085.7758438,
          -93921467.04739839,
          -122971926.86917248,
          -152714489.2926426,
          -183029391.51638123,
          -213794566.12858945,
          -244886132.62947997,
          -276178896.25433004,
          -307546852.0886065,
          -338863692.44529,
          -370003315.46134794,
          -400840332.8654302,
          -431250574.8721843,
          -461111590.17015356,
          -490303138.98999345,
          -518707677.2675805,
          -546210829.9524769,
          -572701851.5558858,
          -598074072.0836519,
          -622225326.5586773,
          -645058366.403225,
          -666481251.0246211,
          -686407718.0275681,
          -704757530.5623678,
          -721456800.4103947,
          -736438285.5058739,
          -749641660.6959473,
          -761013760.6487734,
          -770508793.9315553,
          -778088527.3964748,
          -783722440.1320891,
          -787387846.3602661,
          -789069986.7838069,
          -788762088.0169271,
          -786465389.85929,
          -782189140.3037709,
          -775950558.2980547,
          -767774764.4100088,
          -757694679.6760259,
          -745750893.0396262,
          -731991497.9141093,
          -716471898.5273535,
          -699254586.8285424,
          -680408890.855145,
          -660010695.5733749,
          -638142137.3162161,
          -614891273.0493987,
          -590351725.7970767,
          -564622307.654956,
          -537806621.9088576,
          -510012645.8608503,
          -481352296.0427693,
          -451940977.5678406,
          -421897119.4350209,
          -391341697.6572187,
          -360397748.1335867,
          -329189871.2273836,
          -297843730.0442844,
          -266485544.43140748,
          -235241582.73454124,
          -204237653.3600765,
          -173598598.18896067,
          -143447789.8825034,
          -113906635.10421643,
          -85094085.65802453,
          -57126159.51133783,
          -30115473.63164328,
          -4170790.5177262872,
          20603419.74852875,
          44107400.16628191,
          66246508.50197518,
          86931598.38020027,
          106079378.24469143,
          123612746.7440244,
          139461103.19154468,
          153560631.84941733,
          165854558.89207774
         ],
         "z": [
          5063683.501654179,
          8052314.253473112,
          10972272.882224113,
          13811801.74509042,
          16559467.061535267,
          19204204.95310071,
          21735365.99374116,
          24142758.091303468,
          26416687.5274848,
          28547997.991014887,
          30528107.44688981,
          32349042.69319809,
          34003471.46639057,
          35484731.96571793,
          36786859.677951075,
          37904611.39437067,
          38833486.32331819,
          39569744.2132954,
          40110420.413637005,
          40453337.81211251,
          40597115.60138881,
          40541174.83905398,
          40285740.77881398,
          39831841.963475555,
          39181306.08336729,
          38336752.61687583,
          37301582.28273081,
          36079963.346510954,
          34676814.836509615,
          33097786.736544047,
          31349237.23546464,
          29438207.12497265,
          27372391.448836833,
          25160108.517668214,
          22810266.414019164,
          20332327.122678906,
          17736268.43060046,
          15032543.749874061,
          12232040.025526283,
          9346033.897634618,
          6386146.294278347,
          3364295.6381622218,
          292649.85533502983,
          -2816422.620753938,
          -5950402.652571351,
          -9096670.80864763,
          -12242558.177574154,
          -15375397.381237557,
          -18482573.58188072,
          -21551575.277602095,
          -24570044.681757998,
          -27525827.48340807,
          -30407021.788435116,
          -33202026.04427232,
          -35899585.7552608,
          -38488838.800531246,
          -40959359.17193111,
          -43301198.9558795,
          -45504928.39010432,
          -47561673.83396636,
          -49463153.49947879,
          -51201710.799143985,
          -52770345.176329084,
          -54162740.29403698,
          -55373289.4685658,
          -56397118.24564548,
          -57230104.02814476,
          -57868892.676314645,
          -58310912.013725385,
          -58554382.18451325,
          -58598322.82023172,
          -58442556.98744935,
          -58087711.90019819,
          -57535216.394404195,
          -56787295.17446938,
          -55846959.85517228,
          -54717996.83495823,
          -53404952.04944915,
          -51913112.66656531,
          -50248485.79696618,
          -48417774.30553596,
          -46428349.82131236,
          -44288223.05453848,
          -42006011.54035966,
          -39590904.93905119,
          -37052628.0324996,
          -34401401.56593871,
          -31647901.09261544,
          -28803213.987105016,
          -25878794.800366696,
          -22886419.136310063,
          -19838136.23559381,
          -16746220.457586769,
          -13623121.855854452,
          -10481416.046187954,
          -7333753.569037276,
          -4192808.950249978,
          -1071229.6652291992,
          2018414.7879862993,
          5063683.501654168
         ]
        },
        {
         "cauto": false,
         "cmax": 1,
         "cmin": 1,
         "colorscale": [
          [
           0,
           "rgb(31, 119, 180)"
          ],
          [
           1,
           "rgb(31, 119, 180)"
          ]
         ],
         "name": "2015-11-05 12:00",
         "showscale": false,
         "type": "surface",
         "x": [
          [
           -141674889.80502224,
           -141674889.80502224,
           -141674889.80502224,
           -141674889.80502224,
           -141674889.80502224,
           -141674889.80502224,
           -141674889.80502224,
           -141674889.80502224,
           -141674889.80502224,
           -141674889.80502224,
           -141674889.80502224,
           -141674889.80502224,
           -141674889.80502224,
           -141674889.80502224,
           -141674889.80502224,
           -141674889.80502224,
           -141674889.80502224,
           -141674889.80502224,
           -141674889.80502224,
           -141674889.80502224
          ],
          [
           -137133795.33321115,
           -137379844.35739186,
           -138091328.2003201,
           -139191146.54780522,
           -140560117.0164573,
           -142049890.41423243,
           -143499026.67726564,
           -144750489.40579143,
           -145668663.194729,
           -146154049.6671127,
           -146154049.66711274,
           -145668663.194729,
           -144750489.40579143,
           -143499026.67726564,
           -142049890.41423243,
           -140560117.01645732,
           -139191146.54780522,
           -138091328.2003201,
           -137379844.35739186,
           -137133795.33321115
          ],
          [
           -133084798.9097615,
           -133550233.728509,
           -134896101.10017487,
           -136976555.41175514,
           -139566147.1570154,
           -142384253.88870072,
           -145125490.0150016,
           -147492800.0669724,
           -149229649.2678819,
           -150147823.05681947,
           -150147823.05681947,
           -149229649.2678819,
           -147492800.0669724,
           -145125490.0150016,
           -142384253.88870072,
           -139566147.1570154,
           -136976555.41175514,
           -134896101.10017487,
           -133550233.728509,
           -133084798.9097615
          ],
          [
           -129966672.12380685,
           -130601055.6525445,
           -132435460.93994406,
           -135271101.70938504,
           -138800692.28399855,
           -142641746.7577846,
           -146378027.27840745,
           -149604649.8770921,
           -151971959.92906287,
           -153223422.65758866,
           -153223422.65758866,
           -151971959.92906287,
           -149604649.8770921,
           -146378027.27840745,
           -142641746.7577846,
           -138800692.28399858,
           -135271101.70938507,
           -132435460.93994406,
           -130601055.6525445,
           -129966672.12380685
          ],
          [
           -128117312.39532748,
           -128851899.33524191,
           -130976056.26175469,
           -134259597.81218746,
           -138346701.31015423,
           -142794465.6737053,
           -147120906.61987507,
           -150857187.14049795,
           -153598423.26679885,
           -155047559.52983207,
           -155047559.52983207,
           -153598423.26679885,
           -150857187.14049795,
           -147120906.61987507,
           -142794465.6737053,
           -138346701.31015423,
           -134259597.81218746,
           -130976056.26175469,
           -128851899.33524191,
           -128117312.39532748
          ],
          [
           -127737126.54667698,
           -128492313.00453767,
           -130676036.20748532,
           -134051655.86252385,
           -138253371.20189422,
           -142825861.1722447,
           -147273625.5357958,
           -151114680.00958183,
           -153932786.7412671,
           -155422560.13904226,
           -155422560.13904226,
           -153932786.7412671,
           -151114680.00958183,
           -147273625.5357958,
           -142825861.17224473,
           -138253371.20189422,
           -134051655.86252387,
           -130676036.20748532,
           -128492313.00453767,
           -127737126.54667698
          ],
          [
           -128867313.61374786,
           -129561263.41892038,
           -131567912.60530685,
           -134669809.59719208,
           -138530815.72461435,
           -142732531.0639847,
           -146819634.56195146,
           -150349225.13656497,
           -152938816.88182524,
           -154307787.3504773,
           -154307787.3504773,
           -152938816.88182524,
           -150349225.13656497,
           -146819634.56195146,
           -142732531.06398472,
           -138530815.72461435,
           -134669809.59719208,
           -131567912.60530685,
           -129561263.41892038,
           -128867313.61374786
          ],
          [
           -131385400.29116379,
           -131942913.21451704,
           -133555036.80862713,
           -136047072.46739733,
           -139148969.45928255,
           -142524589.11432108,
           -145808130.66475388,
           -148643771.43419486,
           -150724225.74577516,
           -151824044.0932603,
           -151824044.09326032,
           -150724225.74577516,
           -148643771.43419486,
           -145808130.66475388,
           -142524589.1143211,
           -139148969.45928255,
           -136047072.46739733,
           -133555036.80862713,
           -131942913.21451704,
           -131385400.29116379
          ],
          [
           -135018512.81528622,
           -135379173.68087053,
           -136422073.07660753,
           -138034196.67071763,
           -140040845.8571041,
           -142224569.06005174,
           -144348725.98656452,
           -146183131.27396408,
           -147528998.64562994,
           -148240482.48855814,
           -148240482.48855814,
           -147528998.64562994,
           -146183131.27396408,
           -144348725.98656452,
           -142224569.06005174,
           -140040845.8571041,
           -138034196.67071763,
           -136422073.07660753,
           -135379173.68087053,
           -135018512.81528622
          ],
          [
           -139372947.0705773,
           -139497672.6773767,
           -139858333.54296103,
           -140415846.4663143,
           -141109796.2714868,
           -141864982.7293475,
           -142599569.66926193,
           -143233953.19799957,
           -143699388.01674706,
           -143945437.0409278,
           -143945437.0409278,
           -143699388.01674706,
           -143233953.19799957,
           -142599569.66926193,
           -141864982.7293475,
           -141109796.2714868,
           -140415846.4663143,
           -139858333.54296103,
           -139497672.6773767,
           -139372947.0705773
          ],
          [
           -143976832.5394672,
           -143852106.93266776,
           -143491446.06708345,
           -142933933.1437302,
           -142239983.3385577,
           -141484796.88069698,
           -140750209.94078255,
           -140115826.4120449,
           -139650391.59329742,
           -139404342.56911668,
           -139404342.56911668,
           -139650391.59329742,
           -140115826.4120449,
           -140750209.94078255,
           -141484796.88069698,
           -142239983.3385577,
           -142933933.1437302,
           -143491446.06708345,
           -143852106.93266776,
           -143976832.5394672
          ],
          [
           -148331266.79475826,
           -147970605.92917395,
           -146927706.53343695,
           -145315582.93932685,
           -143308933.7529404,
           -141125210.54999274,
           -139001053.62347996,
           -137166648.3360804,
           -135820780.96441454,
           -135109297.12148634,
           -135109297.12148634,
           -135820780.96441454,
           -137166648.3360804,
           -139001053.62347996,
           -141125210.54999274,
           -143308933.7529404,
           -145315582.93932685,
           -146927706.53343695,
           -147970605.92917395,
           -148331266.79475826
          ],
          [
           -151964379.31888068,
           -151406866.39552742,
           -149794742.80141735,
           -147302707.14264715,
           -144200810.15076193,
           -140825190.4957234,
           -137541648.9452906,
           -134706008.17584962,
           -132625553.86426932,
           -131525735.51678419,
           -131525735.51678418,
           -132625553.86426932,
           -134706008.17584962,
           -137541648.9452906,
           -140825190.49572337,
           -144200810.15076193,
           -147302707.14264715,
           -149794742.80141735,
           -151406866.39552742,
           -151964379.31888068
          ],
          [
           -154482465.9962966,
           -153788516.19112408,
           -151781867.00473762,
           -148679970.0128524,
           -144818963.88543013,
           -140617248.5460598,
           -136530145.04809302,
           -133000554.47347951,
           -130410962.72821924,
           -129041992.25956717,
           -129041992.25956717,
           -130410962.72821924,
           -133000554.4734795,
           -136530145.04809302,
           -140617248.54605976,
           -144818963.88543013,
           -148679970.0128524,
           -151781867.00473762,
           -153788516.19112408,
           -154482465.9962966
          ],
          [
           -155612653.06336752,
           -154857466.6055068,
           -152673743.40255916,
           -149298123.74752063,
           -145096408.40815026,
           -140523918.43779978,
           -136076154.07424867,
           -132235099.60046265,
           -129416992.86877735,
           -127927219.47100224,
           -127927219.47100224,
           -129416992.86877735,
           -132235099.60046265,
           -136076154.07424867,
           -140523918.43779975,
           -145096408.40815026,
           -149298123.74752063,
           -152673743.40255916,
           -154857466.6055068,
           -155612653.06336752
          ],
          [
           -155232467.214717,
           -154497880.27480257,
           -152373723.3482898,
           -149090181.79785702,
           -145003078.29989025,
           -140555313.93633917,
           -136228872.9901694,
           -132492592.46954653,
           -129751356.34324564,
           -128302220.08021241,
           -128302220.08021241,
           -129751356.34324564,
           -132492592.46954653,
           -136228872.9901694,
           -140555313.93633917,
           -145003078.29989025,
           -149090181.79785702,
           -152373723.3482898,
           -154497880.27480257,
           -155232467.214717
          ],
          [
           -153383107.48623765,
           -152748723.95749998,
           -150914318.67010042,
           -148078677.90065944,
           -144549087.32604593,
           -140708032.85225987,
           -136971752.33163702,
           -133745129.73295239,
           -131377819.68098159,
           -130126356.95245582,
           -130126356.95245582,
           -131377819.68098159,
           -133745129.73295239,
           -136971752.33163702,
           -140708032.85225987,
           -144549087.3260459,
           -148078677.90065944,
           -150914318.67010042,
           -152748723.95749998,
           -153383107.48623765
          ],
          [
           -150264980.70028296,
           -149799545.88153547,
           -148453678.5098696,
           -146373224.19828933,
           -143783632.45302907,
           -140965525.72134376,
           -138224289.59504288,
           -135856979.54307207,
           -134120130.34216258,
           -133201956.55322501,
           -133201956.553225,
           -134120130.34216258,
           -135856979.54307207,
           -138224289.59504285,
           -140965525.72134376,
           -143783632.45302907,
           -146373224.19828933,
           -148453678.5098696,
           -149799545.88153547,
           -150264980.70028296
          ],
          [
           -146215984.27683333,
           -145969935.25265262,
           -145258451.40972438,
           -144158633.06223926,
           -142789662.5935872,
           -141299889.19581205,
           -139850752.93277884,
           -138599290.20425305,
           -137681116.41531548,
           -137195729.94293174,
           -137195729.94293174,
           -137681116.41531548,
           -138599290.20425305,
           -139850752.93277884,
           -141299889.19581205,
           -142789662.59358716,
           -144158633.06223926,
           -145258451.40972438,
           -145969935.25265262,
           -146215984.27683333
          ],
          [
           -141674889.80502224,
           -141674889.80502224,
           -141674889.80502224,
           -141674889.80502224,
           -141674889.80502224,
           -141674889.80502224,
           -141674889.80502224,
           -141674889.80502224,
           -141674889.80502224,
           -141674889.80502224,
           -141674889.80502224,
           -141674889.80502224,
           -141674889.80502224,
           -141674889.80502224,
           -141674889.80502224,
           -141674889.80502224,
           -141674889.80502224,
           -141674889.80502224,
           -141674889.80502224,
           -141674889.80502224
          ]
         ],
         "y": [
          [
           189876103.80062336,
           189876103.80062336,
           189876103.80062336,
           189876103.80062336,
           189876103.80062336,
           189876103.80062336,
           189876103.80062336,
           189876103.80062336,
           189876103.80062336,
           189876103.80062336,
           189876103.80062336,
           189876103.80062336,
           189876103.80062336,
           189876103.80062336,
           189876103.80062336,
           189876103.80062336,
           189876103.80062336,
           189876103.80062336,
           189876103.80062336,
           189876103.80062336
          ],
          [
           189876103.80062336,
           191350594.76522875,
           192665301.75473452,
           193677755.8670469,
           194278241.98925266,
           194401688.1325086,
           194034716.9917287,
           193217095.58416036,
           192037425.8760169,
           190623543.3846372,
           189128664.2166095,
           187714781.7252298,
           186535112.01708636,
           185717490.60951802,
           185350519.4687381,
           185473965.61199406,
           186074451.73419982,
           187086905.8465122,
           188401612.83601797,
           189876103.80062336
          ],
          [
           189876103.80062336,
           192665301.7547345,
           195152246.83165228,
           197067439.9433638,
           198203340.19893214,
           198436855.180358,
           197742679.9160456,
           196196039.06712225,
           193964535.1681742,
           191289986.29200307,
           188462221.30924365,
           185787672.4330725,
           183556168.53412446,
           182009527.6852011,
           181315352.42088872,
           181548867.40231457,
           182684767.65788293,
           184599960.76959443,
           187086905.8465122,
           189876103.80062336
          ],
          [
           189876103.80062336,
           193677755.8670469,
           197067439.9433638,
           199677831.1635375,
           201226053.13446912,
           201544331.98246914,
           200598177.25575155,
           198490119.50005946,
           195448599.4831084,
           191803213.09278065,
           187948994.50846606,
           184303608.1181383,
           181262088.10118726,
           179154030.34549516,
           178207875.61877757,
           178526154.4667776,
           180074376.4377092,
           182684767.65788293,
           186074451.73419982,
           189876103.80062336
          ],
          [
           189876103.80062336,
           194278241.98925266,
           198203340.19893214,
           201226053.13446912,
           203018822.9470745,
           203387375.20986268,
           202291771.566483,
           199850737.6717377,
           196328797.4246659,
           192107607.6995714,
           187644599.9016753,
           183423410.17658082,
           179901469.92950904,
           177460436.03476375,
           176364832.39138404,
           176733384.6541722,
           178526154.4667776,
           181548867.40231457,
           185473965.61199406,
           189876103.80062336
          ],
          [
           189876103.80062336,
           194401688.1325086,
           198436855.180358,
           201544331.9824691,
           203387375.20986268,
           203766262.53108835,
           202639935.62584883,
           200130449.49108943,
           196509745.8882007,
           192170184.23356056,
           187582023.36768615,
           183242461.713046,
           179621758.1101573,
           177112271.97539788,
           175985945.07015836,
           176364832.39138404,
           178207875.61877757,
           181315352.42088872,
           185350519.4687381,
           189876103.80062336
          ],
          [
           189876103.80062336,
           194034716.9917287,
           197742679.9160456,
           200598177.25575155,
           202291771.566483,
           202639935.62584883,
           201604940.4556948,
           199298943.84231183,
           195971836.2999841,
           191984161.55631545,
           187768046.04493126,
           183780371.30126262,
           180453263.7589349,
           178147267.14555192,
           177112271.97539788,
           177460436.03476372,
           179154030.34549516,
           182009527.6852011,
           185717490.60951802,
           189876103.80062336
          ],
          [
           189876103.80062336,
           193217095.58416036,
           196196039.06712225,
           198490119.50005946,
           199850737.6717377,
           200130449.49108943,
           199298943.84231183,
           197446327.2645895,
           194773359.51042658,
           191569698.1113548,
           188182509.48989192,
           184978848.09082013,
           182305880.33665726,
           180453263.7589349,
           179621758.11015728,
           179901469.929509,
           181262088.10118726,
           183556168.53412446,
           186535112.01708636,
           189876103.80062336
          ],
          [
           189876103.80062336,
           192037425.8760169,
           193964535.1681742,
           195448599.4831084,
           196328797.4246659,
           196509745.8882007,
           195971836.2999841,
           194773359.51042658,
           193044189.0759602,
           190971707.44400308,
           188780500.15724364,
           186708018.52528653,
           184978848.09082013,
           183780371.30126262,
           183242461.713046,
           183423410.17658082,
           184303608.1181383,
           185787672.4330725,
           187714781.7252298,
           189876103.80062336
          ],
          [
           189876103.80062336,
           190623543.3846372,
           191289986.29200307,
           191803213.09278065,
           192107607.6995714,
           192170184.23356056,
           191984161.55631545,
           191569698.1113548,
           190971707.44400308,
           190254991.12184903,
           189497216.47939768,
           188780500.15724364,
           188182509.48989192,
           187768046.04493126,
           187582023.36768615,
           187644599.9016753,
           187948994.50846606,
           188462221.30924365,
           189128664.2166095,
           189876103.80062336
          ],
          [
           189876103.80062336,
           189128664.2166095,
           188462221.30924365,
           187948994.50846606,
           187644599.9016753,
           187582023.36768615,
           187768046.04493126,
           188182509.48989192,
           188780500.15724364,
           189497216.47939768,
           190254991.12184903,
           190971707.44400308,
           191569698.1113548,
           191984161.55631545,
           192170184.23356056,
           192107607.6995714,
           191803213.09278065,
           191289986.29200307,
           190623543.3846372,
           189876103.80062336
          ],
          [
           189876103.80062336,
           187714781.7252298,
           185787672.4330725,
           184303608.1181383,
           183423410.17658082,
           183242461.713046,
           183780371.30126262,
           184978848.09082013,
           186708018.52528653,
           188780500.15724364,
           190971707.44400308,
           193044189.0759602,
           194773359.51042658,
           195971836.2999841,
           196509745.8882007,
           196328797.4246659,
           195448599.4831084,
           193964535.1681742,
           192037425.8760169,
           189876103.80062336
          ],
          [
           189876103.80062336,
           186535112.01708636,
           183556168.53412446,
           181262088.10118726,
           179901469.92950904,
           179621758.1101573,
           180453263.7589349,
           182305880.33665726,
           184978848.09082013,
           188182509.48989192,
           191569698.1113548,
           194773359.51042658,
           197446327.26458946,
           199298943.84231183,
           200130449.4910894,
           199850737.67173767,
           198490119.50005946,
           196196039.06712225,
           193217095.58416036,
           189876103.80062336
          ],
          [
           189876103.80062336,
           185717490.60951802,
           182009527.6852011,
           179154030.34549516,
           177460436.03476375,
           177112271.97539788,
           178147267.14555192,
           180453263.7589349,
           183780371.30126262,
           187768046.04493126,
           191984161.55631545,
           195971836.2999841,
           199298943.84231183,
           201604940.4556948,
           202639935.62584883,
           202291771.56648296,
           200598177.25575155,
           197742679.9160456,
           194034716.9917287,
           189876103.80062336
          ],
          [
           189876103.80062336,
           185350519.4687381,
           181315352.42088872,
           178207875.6187776,
           176364832.39138404,
           175985945.07015836,
           177112271.97539788,
           179621758.11015728,
           183242461.713046,
           187582023.36768615,
           192170184.23356056,
           196509745.8882007,
           200130449.4910894,
           202639935.62584883,
           203766262.53108835,
           203387375.20986268,
           201544331.98246914,
           198436855.180358,
           194401688.1325086,
           189876103.80062336
          ],
          [
           189876103.80062336,
           185473965.61199406,
           181548867.40231457,
           178526154.4667776,
           176733384.6541722,
           176364832.39138404,
           177460436.03476372,
           179901469.929509,
           183423410.17658082,
           187644599.9016753,
           192107607.6995714,
           196328797.4246659,
           199850737.67173767,
           202291771.566483,
           203387375.20986268,
           203018822.9470745,
           201226053.13446912,
           198203340.19893214,
           194278241.98925266,
           189876103.80062336
          ],
          [
           189876103.80062336,
           186074451.73419982,
           182684767.65788293,
           180074376.4377092,
           178526154.4667776,
           178207875.61877757,
           179154030.34549516,
           181262088.10118726,
           184303608.1181383,
           187948994.50846606,
           191803213.09278065,
           195448599.4831084,
           198490119.50005946,
           200598177.25575155,
           201544331.98246914,
           201226053.13446912,
           199677831.16353753,
           197067439.9433638,
           193677755.8670469,
           189876103.80062336
          ],
          [
           189876103.80062336,
           187086905.8465122,
           184599960.76959443,
           182684767.65788293,
           181548867.40231457,
           181315352.42088872,
           182009527.6852011,
           183556168.53412446,
           185787672.4330725,
           188462221.30924365,
           191289986.29200307,
           193964535.1681742,
           196196039.06712225,
           197742679.9160456,
           198436855.180358,
           198203340.19893214,
           197067439.9433638,
           195152246.83165228,
           192665301.75473452,
           189876103.80062336
          ],
          [
           189876103.80062336,
           188401612.83601797,
           187086905.8465122,
           186074451.73419982,
           185473965.61199406,
           185350519.4687381,
           185717490.60951802,
           186535112.01708636,
           187714781.7252298,
           189128664.2166095,
           190623543.3846372,
           192037425.8760169,
           193217095.58416036,
           194034716.9917287,
           194401688.1325086,
           194278241.98925266,
           193677755.8670469,
           192665301.75473452,
           191350594.76522875,
           189876103.80062336
          ],
          [
           189876103.80062336,
           189876103.80062336,
           189876103.80062336,
           189876103.80062336,
           189876103.80062336,
           189876103.80062336,
           189876103.80062336,
           189876103.80062336,
           189876103.80062336,
           189876103.80062336,
           189876103.80062336,
           189876103.80062336,
           189876103.80062336,
           189876103.80062336,
           189876103.80062336,
           189876103.80062336,
           189876103.80062336,
           189876103.80062336,
           189876103.80062336,
           189876103.80062336
          ]
         ],
         "z": [
          [
           42444616.680155054,
           42444616.680155054,
           42444616.680155054,
           42444616.680155054,
           42444616.680155054,
           42444616.680155054,
           42444616.680155054,
           42444616.680155054,
           42444616.680155054,
           42444616.680155054,
           42444616.680155054,
           42444616.680155054,
           42444616.680155054,
           42444616.680155054,
           42444616.680155054,
           42444616.680155054,
           42444616.680155054,
           42444616.680155054,
           42444616.680155054,
           42444616.680155054
          ],
          [
           41686842.03770369,
           41686842.03770369,
           41686842.03770369,
           41686842.03770369,
           41686842.03770369,
           41686842.03770369,
           41686842.03770369,
           41686842.03770369,
           41686842.03770369,
           41686842.03770369,
           41686842.03770369,
           41686842.03770369,
           41686842.03770369,
           41686842.03770369,
           41686842.03770369,
           41686842.03770369,
           41686842.03770369,
           41686842.03770369,
           41686842.03770369,
           41686842.03770369
          ],
          [
           39495634.75094429,
           39495634.75094429,
           39495634.75094429,
           39495634.75094429,
           39495634.75094429,
           39495634.75094429,
           39495634.75094429,
           39495634.75094429,
           39495634.75094429,
           39495634.75094429,
           39495634.75094429,
           39495634.75094429,
           39495634.75094429,
           39495634.75094429,
           39495634.75094429,
           39495634.75094429,
           39495634.75094429,
           39495634.75094429,
           39495634.75094429,
           39495634.75094429
          ],
          [
           36108446.12948141,
           36108446.12948141,
           36108446.12948141,
           36108446.12948141,
           36108446.12948141,
           36108446.12948141,
           36108446.12948141,
           36108446.12948141,
           36108446.12948141,
           36108446.12948141,
           36108446.12948141,
           36108446.12948141,
           36108446.12948141,
           36108446.12948141,
           36108446.12948141,
           36108446.12948141,
           36108446.12948141,
           36108446.12948141,
