{
 "cells": [
  {
   "cell_type": "markdown",
   "metadata": {},
   "source": [
    "# Plotting in 3D"
   ]
  },
  {
   "cell_type": "code",
   "execution_count": 1,
   "metadata": {},
   "outputs": [
    {
     "data": {
      "text/html": [
       "<script>requirejs.config({paths: { 'plotly': ['https://cdn.plot.ly/plotly-latest.min']},});if(!window.Plotly) {{require(['plotly'],function(plotly) {window.Plotly=plotly;});}}</script>"
      ],
      "text/vnd.plotly.v1+html": [
       "<script>requirejs.config({paths: { 'plotly': ['https://cdn.plot.ly/plotly-latest.min']},});if(!window.Plotly) {{require(['plotly'],function(plotly) {window.Plotly=plotly;});}}</script>"
      ]
     },
     "metadata": {},
     "output_type": "display_data"
    }
   ],
   "source": [
    "import numpy as np\n",
    "\n",
    "from poliastro.examples import *\n",
    "from poliastro.plotting import *\n",
    "\n",
    "from plotly.offline import init_notebook_mode\n",
    "\n",
    "init_notebook_mode(connected=True)"
   ]
  },
  {
   "cell_type": "code",
   "execution_count": 2,
   "metadata": {},
   "outputs": [
    {
     "data": {
      "application/vnd.plotly.v1+json": {
       "data": [
        {
         "line": {
          "color": "rgb(31, 119, 180)",
          "dash": "dash",
          "width": 5
         },
         "mode": "lines",
         "name": "2015-11-05 12:00",
         "type": "scatter3d",
         "x": [
          -141674889.80502224,
          -151449973.38693997,
          -161086429.6055516,
          -170610795.39316478,
          -180048716.4571326,
          -189425074.28163594,
          -198764113.43984237,
          -208089565.5922887,
          -217424767.236503,
          -226792768.58708,
          -236216430.94654155,
          -245718509.65041488,
          -255321719.04919785,
          -265048775.13594157,
          -274922410.1987984,
          -284965352.29080534,
          -295200260.2707571,
          -305649602.60008675,
          -316335464.87786645,
          -327279267.14118433,
          -338501367.12218237,
          -350020519.8055285,
          -361853156.6563262,
          -374012439.7187971,
          -386507036.4436182,
          -399339550.77731913,
          -412504535.21297497,
          -425985998.07903874,
          -439754311.94205016,
          -453762425.2432104,
          -467941284.24120796,
          -482194392.00518906,
          -496391474.08771676,
          -510361298.00127745,
          -523883820.00191545,
          -536682024.1325035,
          -548414090.2756251,
          -558666888.6779929,
          -566952239.786323,
          -572707860.0967681,
          -575305345.9898442,
          -574067769.6777875,
          -568299241.3330427,
          -557327863.8853347,
          -540561632.1509631,
          -517553983.43906033,
          -488072218.7233813,
          -452158717.80303246,
          -410173009.0639971,
          -362803591.5379308,
          -311042595.98095405,
          -256123360.5843268,
          -199428924.13828057,
          -142385749.29957342,
          -86359575.38925761,
          -32568473.121269524,
          17977068.6654734,
          64503799.87739605,
          106477758.56977624,
          143585164.26971576,
          175700034.43865785,
          202845917.18999836,
          225157540.28429586,
          242846233.56467208,
          256171208.19485658,
          265417420.6055494,
          270879855.82999396,
          272853559.5509089,
          271628509.8005724,
          267488325.97006536,
          260711766.35709888,
          251575905.7908951,
          240359799.99760342,
          227347382.9996717,
          212828403.1352902,
          197096502.87518093,
          180444139.59184334,
          163154847.9171,
          145494116.1124371,
          127700584.18106148,
          109979179.08933397,
          92497231.8979532,
          75383833.52919744,
          58731990.18841402,
          42602733.355541304,
          27030251.06531471,
          12027245.85068971,
          -2410035.61400342,
          -16297414.023712039,
          -29659151.299125,
          -42525080.64231266,
          -54928415.88425425,
          -66904133.39109884,
          -78487815.42909881,
          -89714853.27994117,
          -100619923.51801406,
          -111236667.19746536,
          -121597516.8102912,
          -131733628.78760365,
          -141674889.8050222
         ],
         "y": [
          189876103.80062336,
          187512067.53003478,
          184930698.95829457,
          182134423.6239573,
          179122775.71104074,
          175892554.23881555,
          172437918.4659751,
          168750427.59114638,
          164819028.40909743,
          160629993.30114624,
          156166809.78025657,
          151410021.81540275,
          146337022.2319678,
          140921794.7562303,
          135134603.65209547,
          128941628.49373475,
          122304541.46621135,
          115180024.79065499,
          107519226.57155788,
          99267154.76060152,
          90362011.2998693,
          80734472.22233224,
          70306925.05081545,
          58992682.908284344,
          46695206.18404332,
          33307378.466126665,
          18710905.062319547,
          2775931.3272901624,
          -14638984.126153275,
          -33686357.78882824,
          -54528487.361614704,
          -77335059.55409922,
          -102279261.45732006,
          -129531911.49885152,
          -159253048.74008045,
          -191580372.69021007,
          -226613945.12326112,
          -264396701.93713194,
          -304890644.3183359,
          -347949161.02419996,
          -393286844.12910455,
          -440449418.41913134,
          -488787925.32575387,
          -537442828.5656157,
          -585344767.9394155,
          -631238612.7002765,
          -673735567.4776108,
          -711393971.3427737,
          -742823424.4301367,
          -766800272.2917109,
          -782377382.899161,
          -788969746.5933356,
          -786400899.5222006,
          -774902897.5287787,
          -755072191.2687999,
          -727792185.7360022,
          -694138087.4539874,
          -655280040.0791293,
          -612397355.605427,
          -566611626.0307226,
          -518941427.3300926,
          -470277395.2463983,
          -421374099.83593196,
          -372854238.9636645,
          -325220789.2228801,
          -278873431.5909113,
          -234126436.85195822,
          -191226016.1290504,
          -150365801.27217466,
          -111699595.32422449,
          -75350861.02990128,
          -41418666.381703906,
          -9980067.437718108,
          18910750.85021708,
          45225806.8082188,
          68967877.92316082,
          90174679.22617799,
          108921049.55278924,
          125317976.98318169,
          139508120.11415347,
          151658402.89393944,
          161950933.80064672,
          170573714.55392075,
          177712378.442088,
          183543718.67713746,
          188231259.24717477,
          191922731.6723645,
          194749104.56917763,
          196824743.687355,
          198248308.26574197,
          199104063.66743577,
          199463375.3896098,
          199386226.3291043,
          198922659.83369964,
          198114095.17793268,
          196994491.72469553,
          195591356.77987248,
          193926603.0490681,
          192017267.25858,
          189876103.80062336
         ],
         "z": [
          28459085.743088804,
          29198517.839448094,
          29907606.373799264,
          30589058.729786914,
          31245268.943065565,
          31878342.103047382,
          32490113.972472996,
          33082165.88355059,
          33655834.92212475,
          34212219.33973052,
          34752179.03993333,
          35276330.88027604,
          35785038.39887033,
          36278395.436044,
          36756202.95585589,
          37217938.18983522,
          37662715.020086184,
          38089234.29157965,
          38495722.49535623,
          38879857.00006056,
          39238675.73831251,
          39568468.99421707,
          39864650.71765858,
          40121606.65556263,
          40332516.60965651,
          40489148.407499224,
          40581621.8573513,
          40598142.25677623,
          40524705.22545926,
          40344778.11305302,
          40038968.474295914,
          39584697.68530668,
          38955908.33609247,
          38122848.177277304,
          37051991.49311861,
          35706180.60750784,
          34045094.46416436,
          32026174.604349814,
          29606155.27569962,
          26743343.96790823,
          23400767.475209672,
          19550220.076796405,
          15177109.193126895,
          10285785.137195364,
          4904780.01910834,
          -908882.82412453,
          -7067327.854680851,
          -13452420.662344225,
          -19920022.584499083,
          -26308011.490931816,
          -32447373.211812086,
          -38174894.438852236,
          -43345511.21769364,
          -47842380.651735626,
          -51583260.03295315,
          -54522618.277494304,
          -56649782.99654465,
          -57984084.13644503,
          -58568259.05184102,
          -58461346.751380116,
          -57732032.833466895,
          -56453049.28141781,
          -54696896.05892942,
          -52532895.51181626,
          -50025431.80950113,
          -47233152.91313134,
          -44208896.576010935,
          -41000118.91326205,
          -37649633.6784119,
          -34196499.179282874,
          -30676911.30800941,
          -27124975.37267319,
          -23573242.051884003,
          -20052914.024475932,
          -16593670.928873207,
          -13223126.723309284,
          -9966017.487542316,
          -6843294.9289175905,
          -3871338.7137988117,
          -1061476.6751469132,
          1580079.7174759116,
          4051884.5986598227,
          6356583.303822529,
          8500054.09304246,
          10490506.297818877,
          12337643.33943154,
          14051955.127600487,
          15644164.49349137,
          17124823.88111609,
          18504042.58472099,
          19791318.616217807,
          20995449.318454266,
          22124498.09109865,
          23185798.982750364,
          24185985.284642614,
          25131032.03929529,
          26026305.409840275,
          26876614.151261866,
          27686260.096077662,
          28459085.7430888
         ]
        },
        {
         "cauto": false,
         "cmax": 1,
         "cmin": 1,
         "colorscale": [
          [
           0,
           "rgb(31, 119, 180)"
          ],
          [
           1,
           "rgb(31, 119, 180)"
          ]
         ],
         "name": "2015-11-05 12:00",
         "showscale": false,
         "type": "surface",
         "x": [
          [
           -141674889.80502224,
           -141674889.80502224,
           -141674889.80502224,
           -141674889.80502224,
           -141674889.80502224,
           -141674889.80502224,
           -141674889.80502224,
           -141674889.80502224,
           -141674889.80502224,
           -141674889.80502224,
           -141674889.80502224,
           -141674889.80502224,
           -141674889.80502224,
           -141674889.80502224,
           -141674889.80502224,
           -141674889.80502224,
           -141674889.80502224,
           -141674889.80502224,
           -141674889.80502224,
           -141674889.80502224
          ],
          [
           -137133795.33321115,
           -137379844.35739186,
           -138091328.2003201,
           -139191146.54780522,
           -140560117.0164573,
           -142049890.41423243,
           -143499026.67726564,
           -144750489.40579143,
           -145668663.194729,
           -146154049.6671127,
           -146154049.66711274,
           -145668663.194729,
           -144750489.40579143,
           -143499026.67726564,
           -142049890.41423243,
           -140560117.01645732,
           -139191146.54780522,
           -138091328.2003201,
           -137379844.35739186,
           -137133795.33321115
          ],
          [
           -133084798.9097615,
           -133550233.728509,
           -134896101.10017487,
           -136976555.41175514,
           -139566147.1570154,
           -142384253.88870072,
           -145125490.0150016,
           -147492800.0669724,
           -149229649.2678819,
           -150147823.05681947,
           -150147823.05681947,
           -149229649.2678819,
           -147492800.0669724,
           -145125490.0150016,
           -142384253.88870072,
           -139566147.1570154,
           -136976555.41175514,
           -134896101.10017487,
           -133550233.728509,
           -133084798.9097615
          ],
          [
           -129966672.12380685,
           -130601055.6525445,
           -132435460.93994406,
           -135271101.70938504,
           -138800692.28399855,
           -142641746.7577846,
           -146378027.27840745,
           -149604649.8770921,
           -151971959.92906287,
           -153223422.65758866,
           -153223422.65758866,
           -151971959.92906287,
           -149604649.8770921,
           -146378027.27840745,
           -142641746.7577846,
           -138800692.28399858,
           -135271101.70938507,
           -132435460.93994406,
           -130601055.6525445,
           -129966672.12380685
          ],
          [
           -128117312.39532748,
           -128851899.33524191,
           -130976056.26175469,
           -134259597.81218746,
           -138346701.31015423,
           -142794465.6737053,
           -147120906.61987507,
           -150857187.14049795,
           -153598423.26679885,
           -155047559.52983207,
           -155047559.52983207,
           -153598423.26679885,
           -150857187.14049795,
           -147120906.61987507,
           -142794465.6737053,
           -138346701.31015423,
           -134259597.81218746,
           -130976056.26175469,
           -128851899.33524191,
           -128117312.39532748
          ],
          [
           -127737126.54667698,
           -128492313.00453767,
           -130676036.20748532,
           -134051655.86252385,
           -138253371.20189422,
           -142825861.1722447,
           -147273625.5357958,
           -151114680.00958183,
           -153932786.7412671,
           -155422560.13904226,
           -155422560.13904226,
           -153932786.7412671,
           -151114680.00958183,
           -147273625.5357958,
           -142825861.17224473,
           -138253371.20189422,
           -134051655.86252387,
           -130676036.20748532,
           -128492313.00453767,
           -127737126.54667698
          ],
          [
           -128867313.61374786,
           -129561263.41892038,
           -131567912.60530685,
           -134669809.59719208,
           -138530815.72461435,
           -142732531.0639847,
           -146819634.56195146,
           -150349225.13656497,
           -152938816.88182524,
           -154307787.3504773,
           -154307787.3504773,
           -152938816.88182524,
           -150349225.13656497,
           -146819634.56195146,
           -142732531.06398472,
           -138530815.72461435,
           -134669809.59719208,
           -131567912.60530685,
           -129561263.41892038,
           -128867313.61374786
          ],
          [
           -131385400.29116379,
           -131942913.21451704,
           -133555036.80862713,
           -136047072.46739733,
           -139148969.45928255,
           -142524589.11432108,
           -145808130.66475388,
           -148643771.43419486,
           -150724225.74577516,
           -151824044.0932603,
           -151824044.09326032,
           -150724225.74577516,
           -148643771.43419486,
           -145808130.66475388,
           -142524589.1143211,
           -139148969.45928255,
           -136047072.46739733,
           -133555036.80862713,
           -131942913.21451704,
           -131385400.29116379
          ],
          [
           -135018512.81528622,
           -135379173.68087053,
           -136422073.07660753,
           -138034196.67071763,
           -140040845.8571041,
           -142224569.06005174,
           -144348725.98656452,
           -146183131.27396408,
           -147528998.64562994,
           -148240482.48855814,
           -148240482.48855814,
           -147528998.64562994,
           -146183131.27396408,
           -144348725.98656452,
           -142224569.06005174,
           -140040845.8571041,
           -138034196.67071763,
           -136422073.07660753,
           -135379173.68087053,
           -135018512.81528622
          ],
          [
           -139372947.0705773,
           -139497672.6773767,
           -139858333.54296103,
           -140415846.4663143,
           -141109796.2714868,
           -141864982.7293475,
           -142599569.66926193,
           -143233953.19799957,
           -143699388.01674706,
           -143945437.0409278,
           -143945437.0409278,
           -143699388.01674706,
           -143233953.19799957,
           -142599569.66926193,
           -141864982.7293475,
           -141109796.2714868,
           -140415846.4663143,
           -139858333.54296103,
           -139497672.6773767,
           -139372947.0705773
          ],
          [
           -143976832.5394672,
           -143852106.93266776,
           -143491446.06708345,
           -142933933.1437302,
           -142239983.3385577,
           -141484796.88069698,
           -140750209.94078255,
           -140115826.4120449,
           -139650391.59329742,
           -139404342.56911668,
           -139404342.56911668,
           -139650391.59329742,
           -140115826.4120449,
           -140750209.94078255,
           -141484796.88069698,
           -142239983.3385577,
           -142933933.1437302,
           -143491446.06708345,
           -143852106.93266776,
           -143976832.5394672
          ],
          [
           -148331266.79475826,
           -147970605.92917395,
           -146927706.53343695,
           -145315582.93932685,
           -143308933.7529404,
           -141125210.54999274,
           -139001053.62347996,
           -137166648.3360804,
           -135820780.96441454,
           -135109297.12148634,
           -135109297.12148634,
           -135820780.96441454,
           -137166648.3360804,
           -139001053.62347996,
           -141125210.54999274,
           -143308933.7529404,
           -145315582.93932685,
           -146927706.53343695,
           -147970605.92917395,
           -148331266.79475826
          ],
          [
           -151964379.31888068,
           -151406866.39552742,
           -149794742.80141735,
           -147302707.14264715,
           -144200810.15076193,
           -140825190.4957234,
           -137541648.9452906,
           -134706008.17584962,
           -132625553.86426932,
           -131525735.51678419,
           -131525735.51678418,
           -132625553.86426932,
           -134706008.17584962,
           -137541648.9452906,
           -140825190.49572337,
           -144200810.15076193,
           -147302707.14264715,
           -149794742.80141735,
           -151406866.39552742,
           -151964379.31888068
          ],
          [
           -154482465.9962966,
           -153788516.19112408,
           -151781867.00473762,
           -148679970.0128524,
           -144818963.88543013,
           -140617248.5460598,
           -136530145.04809302,
           -133000554.47347951,
           -130410962.72821924,
           -129041992.25956717,
           -129041992.25956717,
           -130410962.72821924,
           -133000554.4734795,
           -136530145.04809302,
           -140617248.54605976,
           -144818963.88543013,
           -148679970.0128524,
           -151781867.00473762,
           -153788516.19112408,
           -154482465.9962966
          ],
          [
           -155612653.06336752,
           -154857466.6055068,
           -152673743.40255916,
           -149298123.74752063,
           -145096408.40815026,
           -140523918.43779978,
           -136076154.07424867,
           -132235099.60046265,
           -129416992.86877735,
           -127927219.47100224,
           -127927219.47100224,
           -129416992.86877735,
           -132235099.60046265,
           -136076154.07424867,
           -140523918.43779975,
           -145096408.40815026,
           -149298123.74752063,
           -152673743.40255916,
           -154857466.6055068,
           -155612653.06336752
          ],
          [
           -155232467.214717,
           -154497880.27480257,
           -152373723.3482898,
           -149090181.79785702,
           -145003078.29989025,
           -140555313.93633917,
           -136228872.9901694,
           -132492592.46954653,
           -129751356.34324564,
           -128302220.08021241,
           -128302220.08021241,
           -129751356.34324564,
           -132492592.46954653,
           -136228872.9901694,
           -140555313.93633917,
           -145003078.29989025,
           -149090181.79785702,
           -152373723.3482898,
           -154497880.27480257,
           -155232467.214717
          ],
          [
           -153383107.48623765,
           -152748723.95749998,
           -150914318.67010042,
           -148078677.90065944,
           -144549087.32604593,
           -140708032.85225987,
           -136971752.33163702,
           -133745129.73295239,
           -131377819.68098159,
           -130126356.95245582,
           -130126356.95245582,
           -131377819.68098159,
           -133745129.73295239,
           -136971752.33163702,
           -140708032.85225987,
           -144549087.3260459,
           -148078677.90065944,
           -150914318.67010042,
           -152748723.95749998,
           -153383107.48623765
          ],
          [
           -150264980.70028296,
           -149799545.88153547,
           -148453678.5098696,
           -146373224.19828933,
           -143783632.45302907,
           -140965525.72134376,
           -138224289.59504288,
           -135856979.54307207,
           -134120130.34216258,
           -133201956.55322501,
           -133201956.553225,
           -134120130.34216258,
           -135856979.54307207,
           -138224289.59504285,
           -140965525.72134376,
           -143783632.45302907,
           -146373224.19828933,
           -148453678.5098696,
           -149799545.88153547,
           -150264980.70028296
          ],
          [
           -146215984.27683333,
           -145969935.25265262,
           -145258451.40972438,
           -144158633.06223926,
           -142789662.5935872,
           -141299889.19581205,
           -139850752.93277884,
           -138599290.20425305,
           -137681116.41531548,
           -137195729.94293174,
           -137195729.94293174,
           -137681116.41531548,
           -138599290.20425305,
           -139850752.93277884,
           -141299889.19581205,
           -142789662.59358716,
           -144158633.06223926,
           -145258451.40972438,
           -145969935.25265262,
           -146215984.27683333
          ],
          [
           -141674889.80502224,
           -141674889.80502224,
           -141674889.80502224,
           -141674889.80502224,
           -141674889.80502224,
           -141674889.80502224,
           -141674889.80502224,
           -141674889.80502224,
           -141674889.80502224,
           -141674889.80502224,
           -141674889.80502224,
           -141674889.80502224,
           -141674889.80502224,
           -141674889.80502224,
           -141674889.80502224,
           -141674889.80502224,
           -141674889.80502224,
           -141674889.80502224,
           -141674889.80502224,
           -141674889.80502224
          ]
         ],
         "y": [
          [
           189876103.80062336,
           189876103.80062336,
           189876103.80062336,
           189876103.80062336,
           189876103.80062336,
           189876103.80062336,
           189876103.80062336,
           189876103.80062336,
           189876103.80062336,
           189876103.80062336,
           189876103.80062336,
           189876103.80062336,
           189876103.80062336,
           189876103.80062336,
           189876103.80062336,
           189876103.80062336,
           189876103.80062336,
           189876103.80062336,
           189876103.80062336,
           189876103.80062336
          ],
          [
           189876103.80062336,
           191350594.76522875,
           192665301.75473452,
           193677755.8670469,
           194278241.98925266,
           194401688.1325086,
           194034716.9917287,
           193217095.58416036,
           192037425.8760169,
           190623543.3846372,
           189128664.2166095,
           187714781.7252298,
           186535112.01708636,
           185717490.60951802,
           185350519.4687381,
           185473965.61199406,
           186074451.73419982,
           187086905.8465122,
           188401612.83601797,
           189876103.80062336
          ],
          [
           189876103.80062336,
           192665301.7547345,
           195152246.83165228,
           197067439.9433638,
           198203340.19893214,
           198436855.180358,
           197742679.9160456,
           196196039.06712225,
           193964535.1681742,
           191289986.29200307,
           188462221.30924365,
           185787672.4330725,
           183556168.53412446,
           182009527.6852011,
           181315352.42088872,
           181548867.40231457,
           182684767.65788293,
           184599960.76959443,
           187086905.8465122,
           189876103.80062336
          ],
          [
           189876103.80062336,
           193677755.8670469,
           197067439.9433638,
           199677831.1635375,
           201226053.13446912,
           201544331.98246914,
           200598177.25575155,
           198490119.50005946,
           195448599.4831084,
           191803213.09278065,
           187948994.50846606,
           184303608.1181383,
           181262088.10118726,
           179154030.34549516,
           178207875.61877757,
           178526154.4667776,
           180074376.4377092,
           182684767.65788293,
           186074451.73419982,
           189876103.80062336
          ],
          [
           189876103.80062336,
           194278241.98925266,
           198203340.19893214,
           201226053.13446912,
           203018822.9470745,
           203387375.20986268,
           202291771.566483,
           199850737.6717377,
           196328797.4246659,
           192107607.6995714,
           187644599.9016753,
           183423410.17658082,
           179901469.92950904,
           177460436.03476375,
           176364832.39138404,
           176733384.6541722,
           178526154.4667776,
           181548867.40231457,
           185473965.61199406,
           189876103.80062336
          ],
          [
           189876103.80062336,
           194401688.1325086,
           198436855.180358,
           201544331.9824691,
           203387375.20986268,
           203766262.53108835,
           202639935.62584883,
           200130449.49108943,
           196509745.8882007,
           192170184.23356056,
           187582023.36768615,
           183242461.713046,
           179621758.1101573,
           177112271.97539788,
           175985945.07015836,
           176364832.39138404,
           178207875.61877757,
           181315352.42088872,
           185350519.4687381,
           189876103.80062336
          ],
          [
           189876103.80062336,
           194034716.9917287,
           197742679.9160456,
           200598177.25575155,
           202291771.566483,
           202639935.62584883,
           201604940.4556948,
           199298943.84231183,
           195971836.2999841,
           191984161.55631545,
           187768046.04493126,
           183780371.30126262,
           180453263.7589349,
           178147267.14555192,
           177112271.97539788,
           177460436.03476372,
           179154030.34549516,
           182009527.6852011,
           185717490.60951802,
           189876103.80062336
          ],
          [
           189876103.80062336,
           193217095.58416036,
           196196039.06712225,
           198490119.50005946,
           199850737.6717377,
           200130449.49108943,
           199298943.84231183,
           197446327.2645895,
           194773359.51042658,
           191569698.1113548,
           188182509.48989192,
           184978848.09082013,
           182305880.33665726,
           180453263.7589349,
           179621758.11015728,
           179901469.929509,
           181262088.10118726,
           183556168.53412446,
           186535112.01708636,
           189876103.80062336
          ],
          [
           189876103.80062336,
           192037425.8760169,
           193964535.1681742,
           195448599.4831084,
           196328797.4246659,
           196509745.8882007,
           195971836.2999841,
           194773359.51042658,
           193044189.0759602,
           190971707.44400308,
           188780500.15724364,
           186708018.52528653,
           184978848.09082013,
           183780371.30126262,
           183242461.713046,
           183423410.17658082,
           184303608.1181383,
           185787672.4330725,
           187714781.7252298,
           189876103.80062336
          ],
          [
           189876103.80062336,
           190623543.3846372,
           191289986.29200307,
           191803213.09278065,
           192107607.6995714,
           192170184.23356056,
           191984161.55631545,
           191569698.1113548,
           190971707.44400308,
           190254991.12184903,
           189497216.47939768,
           188780500.15724364,
           188182509.48989192,
           187768046.04493126,
           187582023.36768615,
           187644599.9016753,
           187948994.50846606,
           188462221.30924365,
           189128664.2166095,
           189876103.80062336
          ],
          [
           189876103.80062336,
           189128664.2166095,
           188462221.30924365,
           187948994.50846606,
           187644599.9016753,
           187582023.36768615,
           187768046.04493126,
           188182509.48989192,
           188780500.15724364,
           189497216.47939768,
           190254991.12184903,
           190971707.44400308,
           191569698.1113548,
           191984161.55631545,
           192170184.23356056,
           192107607.6995714,
           191803213.09278065,
           191289986.29200307,
           190623543.3846372,
           189876103.80062336
          ],
          [
           189876103.80062336,
           187714781.7252298,
           185787672.4330725,
           184303608.1181383,
           183423410.17658082,
           183242461.713046,
           183780371.30126262,
           184978848.09082013,
           186708018.52528653,
           188780500.15724364,
           190971707.44400308,
           193044189.0759602,
           194773359.51042658,
           195971836.2999841,
           196509745.8882007,
           196328797.4246659,
           195448599.4831084,
           193964535.1681742,
           192037425.8760169,
           189876103.80062336
          ],
          [
           189876103.80062336,
           186535112.01708636,
           183556168.53412446,
           181262088.10118726,
           179901469.92950904,
           179621758.1101573,
           180453263.7589349,
           182305880.33665726,
           184978848.09082013,
           188182509.48989192,
           191569698.1113548,
           194773359.51042658,
           197446327.26458946,
           199298943.84231183,
           200130449.4910894,
           199850737.67173767,
           198490119.50005946,
           196196039.06712225,
           193217095.58416036,
           189876103.80062336
          ],
          [
           189876103.80062336,
           185717490.60951802,
           182009527.6852011,
           179154030.34549516,
           177460436.03476375,
           177112271.97539788,
           178147267.14555192,
           180453263.7589349,
           183780371.30126262,
           187768046.04493126,
           191984161.55631545,
           195971836.2999841,
           199298943.84231183,
           201604940.4556948,
           202639935.62584883,
           202291771.56648296,
           200598177.25575155,
           197742679.9160456,
           194034716.9917287,
           189876103.80062336
          ],
          [
           189876103.80062336,
           185350519.4687381,
           181315352.42088872,
           178207875.6187776,
           176364832.39138404,
           175985945.07015836,
           177112271.97539788,
           179621758.11015728,
           183242461.713046,
           187582023.36768615,
           192170184.23356056,
           196509745.8882007,
           200130449.4910894,
           202639935.62584883,
           203766262.53108835,
           203387375.20986268,
           201544331.98246914,
           198436855.180358,
           194401688.1325086,
           189876103.80062336
          ],
          [
           189876103.80062336,
           185473965.61199406,
           181548867.40231457,
           178526154.4667776,
           176733384.6541722,
           176364832.39138404,
           177460436.03476372,
           179901469.929509,
           183423410.17658082,
           187644599.9016753,
           192107607.6995714,
           196328797.4246659,
           199850737.67173767,
           202291771.566483,
           203387375.20986268,
           203018822.9470745,
           201226053.13446912,
           198203340.19893214,
           194278241.98925266,
           189876103.80062336
          ],
          [
           189876103.80062336,
           186074451.73419982,
           182684767.65788293,
           180074376.4377092,
           178526154.4667776,
           178207875.61877757,
           179154030.34549516,
           181262088.10118726,
           184303608.1181383,
           187948994.50846606,
           191803213.09278065,
           195448599.4831084,
           198490119.50005946,
           200598177.25575155,
           201544331.98246914,
           201226053.13446912,
           199677831.16353753,
           197067439.9433638,
           193677755.8670469,
           189876103.80062336
          ],
          [
           189876103.80062336,
           187086905.8465122,
           184599960.76959443,
           182684767.65788293,
           181548867.40231457,
           181315352.42088872,
           182009527.6852011,
           183556168.53412446,
           185787672.4330725,
           188462221.30924365,
           191289986.29200307,
           193964535.1681742,
           196196039.06712225,
           197742679.9160456,
           198436855.180358,
           198203340.19893214,
           197067439.9433638,
           195152246.83165228,
           192665301.75473452,
           189876103.80062336
          ],
          [
           189876103.80062336,
           188401612.83601797,
           187086905.8465122,
           186074451.73419982,
           185473965.61199406,
           185350519.4687381,
           185717490.60951802,
           186535112.01708636,
           187714781.7252298,
           189128664.2166095,
           190623543.3846372,
           192037425.8760169,
           193217095.58416036,
           194034716.9917287,
           194401688.1325086,
           194278241.98925266,
           193677755.8670469,
           192665301.75473452,
           191350594.76522875,
           189876103.80062336
          ],
          [
           189876103.80062336,
           189876103.80062336,
           189876103.80062336,
           189876103.80062336,
           189876103.80062336,
           189876103.80062336,
           189876103.80062336,
           189876103.80062336,
           189876103.80062336,
           189876103.80062336,
           189876103.80062336,
           189876103.80062336,
           189876103.80062336,
           189876103.80062336,
           189876103.80062336,
           189876103.80062336,
           189876103.80062336,
           189876103.80062336,
           189876103.80062336,
           189876103.80062336
          ]
         ],
         "z": [
          [
           42444616.680155054,
           42444616.680155054,
           42444616.680155054,
           42444616.680155054,
           42444616.680155054,
           42444616.680155054,
           42444616.680155054,
           42444616.680155054,
           42444616.680155054,
           42444616.680155054,
           42444616.680155054,
           42444616.680155054,
           42444616.680155054,
           42444616.680155054,
           42444616.680155054,
           42444616.680155054,
           42444616.680155054,
           42444616.680155054,
           42444616.680155054,
           42444616.680155054
          ],
          [
           41686842.03770369,
           41686842.03770369,
           41686842.03770369,
           41686842.03770369,
           41686842.03770369,
           41686842.03770369,
           41686842.03770369,
           41686842.03770369,
           41686842.03770369,
           41686842.03770369,
           41686842.03770369,
           41686842.03770369,
           41686842.03770369,
           41686842.03770369,
           41686842.03770369,
           41686842.03770369,
           41686842.03770369,
           41686842.03770369,
           41686842.03770369,
           41686842.03770369
          ],
          [
           39495634.75094429,
           39495634.75094429,
           39495634.75094429,
           39495634.75094429,
           39495634.75094429,
           39495634.75094429,
           39495634.75094429,
           39495634.75094429,
           39495634.75094429,
           39495634.75094429,
           39495634.75094429,
           39495634.75094429,
           39495634.75094429,
           39495634.75094429,
           39495634.75094429,
           39495634.75094429,
           39495634.75094429,
           39495634.75094429,
           39495634.75094429,
           39495634.75094429
          ],
          [
           36108446.12948141,
           36108446.12948141,
           36108446.12948141,
           36108446.12948141,
           36108446.12948141,
           36108446.12948141,
           36108446.12948141,
           36108446.12948141,
           36108446.12948141,
           36108446.12948141,
           36108446.12948141,
           36108446.12948141,
           36108446.12948141,
           36108446.12948141,
           36108446.12948141,
           36108446.12948141,
           36108446.12948141,
           36108446.12948141,
           36108446.12948141,
           36108446.12948141
          ],
          [
           31892330.61809723,
           31892330.61809723,
           31892330.61809723,
           31892330.61809723,
           31892330.61809723,
           31892330.61809723,
           31892330.61809723,
           31892330.61809723,
           31892330.61809723,
           31892330.61809723,
           31892330.61809723,
           31892330.61809723,
           31892330.61809723,
           31892330.61809723,
           31892330.61809723,
           31892330.61809723,
           31892330.61809723,
           31892330.61809723,
           31892330.61809723,
           31892330.61809723
          ],
          [
           27304169.75222282,
