{
 "cells": [
  {
   "cell_type": "markdown",
   "metadata": {},
   "source": [
    "# Plotting in 3D"
   ]
  },
  {
   "cell_type": "code",
   "execution_count": 1,
   "metadata": {},
   "outputs": [
    {
     "data": {
      "text/html": [
       "<script type=\"text/javascript\" src=\"https://cdnjs.cloudflare.com/ajax/libs/require.js/2.1.10/require.min.js\"></script>"
      ],
      "text/plain": [
       "<IPython.core.display.HTML object>"
      ]
     },
     "execution_count": 1,
     "metadata": {},
     "output_type": "execute_result"
    }
   ],
   "source": [
    "# Temporary hack, see https://github.com/poliastro/poliastro/issues/281\n",
    "from IPython.display import HTML\n",
    "HTML('<script type=\"text/javascript\" src=\"https://cdnjs.cloudflare.com/ajax/libs/require.js/2.1.10/require.min.js\"></script>')"
   ]
  },
  {
   "cell_type": "code",
   "execution_count": 16,
   "metadata": {},
   "outputs": [
    {
     "data": {
      "text/html": [
       "<script>requirejs.config({paths: { 'plotly': ['https://cdn.plot.ly/plotly-latest.min']},});if(!window.Plotly) {{require(['plotly'],function(plotly) {window.Plotly=plotly;});}}</script>"
      ],
      "text/vnd.plotly.v1+html": [
       "<script>requirejs.config({paths: { 'plotly': ['https://cdn.plot.ly/plotly-latest.min']},});if(!window.Plotly) {{require(['plotly'],function(plotly) {window.Plotly=plotly;});}}</script>"
      ]
     },
     "metadata": {},
     "output_type": "display_data"
    }
   ],
   "source": [
    "import numpy as np\n",
    "\n",
    "from poliastro.examples import *\n",
    "from poliastro.plotting import *\n",
    "\n",
    "from plotly.offline import init_notebook_mode\n",
    "\n",
    "init_notebook_mode(connected=True)"
   ]
  },
  {
   "cell_type": "code",
   "execution_count": 3,
   "metadata": {},
   "outputs": [
    {
     "data": {
      "application/vnd.plotly.v1+json": {
       "data": [
        {
         "line": {
          "color": "rgb(31, 119, 180)",
          "dash": "dash",
          "width": 5
         },
         "mode": "lines",
         "name": "2015-11-05 12:00",
         "type": "scatter3d",
         "x": [
          -141674889.80502224,
          -162347911.34163043,
          -182384103.22825602,
          -201895624.42163622,
          -220982666.48267037,
          -239730869.27313834,
          -258209864.43872482,
          -276472610.55084765,
          -294555302.0443302,
          -312477710.63859177,
          -330243864.26528025,
          -347842994.6458548,
          -365250698.1440932,
          -382430260.91045666,
          -399334102.44878566,
          -415905293.998929,
          -432079110.89550537,
          -447784581.89327055,
          -462946003.36337787,
          -477484391.9627714,
          -491318855.4218096,
          -504367867.0355483,
          -516550434.9090275,
          -527787161.7380061,
          -538001194.7666415,
          -547119068.521944,
          -555071445.0315323,
          -561793757.5888882,
          -567226764.8683662,
          -571317022.4466989,
          -574017278.6872479,
          -575286801.5403931,
          -575091642.7884208,
          -573404844.1287589,
          -570206591.8685288,
          -565484322.9911659,
          -559232787.2833555,
          -551454068.7198255,
          -542157569.0817565,
          -531359956.4822079,
          -519085081.03960645,
          -505363860.0202989,
          -490234134.2284378,
          -473740497.6059574,
          -455934101.7815233,
          -436872437.31555754,
          -416619093.3819273,
          -395243497.6556717,
          -372820638.2315861,
          -349430769.4788171,
          -325159103.8448087,
          -300095491.781108,
          -274334092.2538296,
          -247973033.39452374,
          -221114076.56840575,
          -193862267.28216815,
          -166325596.66077542,
          -138614664.13331586,
          -110842349.52134937,
          -83123498.10831666,
          -55574623.38448626,
          -28313632.7188527,
          -1459581.862556219,
          24867535.7863608,
          50546954.945729375,
          75457256.23299944,
          99476420.79360741,
          122481815.18966997,
          144350094.1026388,
          164957009.4087323,
          184177114.28893316,
          201883352.8175826,
          217946529.9482003,
          232234665.98619145,
          244612256.78843462,
          254939491.33731714,
          263071530.27373135,
          268858034.91178125,
          272143273.8204567,
          272767345.2497707,
          270569358.68087125,
          265393816.2868039,
          257101855.23631728,
          245589226.432436,
          230812386.47581282,
          212822043.54454345,
          191799153.75451085,
          168082202.983881,
          142170057.9868014,
          114687780.72009441,
          86316828.74140973,
          57709349.97007765,
          29414815.08282897,
          1838965.5259492695,
          -24762142.24076833,
          -50263266.50707489,
          -74639936.12908405,
          -97937571.1754039,
          -120245131.71354544,
          -141674889.80502215
         ],
         "y": [
          189876103.80062336,
          184574336.63709715,
          178340466.07896686,
          171226248.55981603,
          163256971.74693432,
          154437668.16967577,
          144758443.09860128,
          134199024.64065,
          122732650.46505886,
          110329390.41517124,
          96958982.7023017,
          82593241.12015319,
          67208074.91763872,
          50785152.416921064,
          33313233.66940166,
          14789195.314691901,
          -4781228.925417647,
          -25382967.216910228,
          -46991361.43921229,
          -69572123.98389325,
          -93081471.17891733,
          -117466405.46199822,
          -142665119.77429575,
          -168607499.6959866,
          -195215701.37202957,
          -222404786.04965132,
          -250083394.8661665,
          -278154450.2279382,
          -306515872.5982264,
          -335061303.69809973,
          -363680828.9927226,
          -392261693.89558506,
          -420689009.29907775,
          -448846443.28495955,
          -476616896.1321564,
          -503883156.881356,
          -530528539.7111826,
          -556437498.8462445,
          -581496220.880186,
          -605593193.523967,
          -628619749.8776294,
          -650470587.3562375,
          -671044260.447077,
          -690243646.4769583,
          -707976383.5899943,
          -724155280.150435,
          -738698694.8084495,
          -751530886.4994686,
          -762582333.692558,
          -771790022.2622991,
          -779097701.4342599,
          -784456107.3525845,
          -787823153.9589739,
          -789164090.4900944,
          -788451627.2903411,
          -785666026.9330584,
          -780795164.3646342,
          -773834554.6896243,
          -764787350.3351634,
          -753664308.9659697,
          -740483734.1744468,
          -725271391.669843,
          -708060404.5904446,
          -688891132.4696606,
          -667811041.09203,
          -644874569.6752262,
          -620143008.2656232,
          -593684398.4911418,
          -565573477.2086501,
          -535891688.37462914,
          -504727296.9778402,
          -472175650.1783826,
          -438339645.8397614,
          -403330488.4194805,
          -367268837.6552895,
          -330286487.1190118,
          -292528746.4870921,
          -254157738.67778388,
          -215356848.48992223,
          -176336545.5091458,
          -137341695.9174698,
          -98660177.0521872,
          -60631962.152802326,
          -23656668.02586808,
          11804224.22358483,
          45236294.441118866,
          76099014.357362,
          103874606.6959126,
          128134631.931483,
          148607612.03955784,
          165223018.62871468,
          178112889.27793294,
          187571198.1575235,
          193989282.97704285,
          197790681.58388847,
          199381167.70568335,
          199118673.1097859,
          197300227.21106082,
          194160392.1103846,
          189876103.8006234
         ],
         "z": [
          28459085.743088804,
          29998971.333711717,
          31404710.694415778,
          32691032.036126953,
          33869434.019284174,
          34948432.64373526,
          35933844.92626694,
          36829086.05106438,
          37635468.39898807,
          38352496.917661935,
          38978157.979857266,
          39509199.75004479,
          39941402.1061414,
          40269833.934172444,
          40489095.4500565,
          40593543.24881482,
          40577496.06488219,
          40435419.706546396,
          40162090.22844571,
          39752735.047035426,
          39203152.31351733,
          38509809.384513386,
          37669921.6420954,
          36681513.200939566,
          35543461.2062494,
          34255525.48698746,
          32818365.30565372,
          31233544.86064324,
          29503529.0711077,
          27631671.02529672,
          25622192.31595438,
          23480157.324654315,
          21211442.42150996,
          18822700.74580735,
          16321323.437731884,
          13715397.720651083,
          11013662.416488707,
          8225461.298577145,
          5360694.652462229,
          2429769.3764148206,
          -556452.0945478752,
          -3586703.752315119,
          -6649368.633312158,
          -9732531.839059867,
          -12824033.731543407,
          -15911523.075613596,
          -18982509.903108448,
          -22024417.873242848,
          -25024635.902110003,
          -27970568.831194326,
          -30849686.900525853,
          -33649573.78481002,
          -36357972.93449378,
          -38962832.209024586,
          -41452345.67812796,
          -43814993.92446383,
          -46039580.89241779,
          -48115268.06085437,
          -50031605.30078731,
          -51778558.18730895,
          -53346531.48105185,
          -54726388.49703097,
          -55909466.08804618,
          -56887585.0392168,
          -57653055.47853631,
          -58198677.52791953,
          -58517736.77634424,
          -58603994.991388805,
          -58451676.43590744,
          -58055450.710295185,
          -57410413.724182144,
          -56512069.46525132,
          -55356316.8477086,
          -53939448.35787288,
          -52258170.85625402,
          -50309664.28187324,
          -48091701.838753074,
          -45602866.3430387,
          -42842912.46581684,
          -39813343.52737891,
          -36518291.85001577,
          -32965805.54580746,
          -29169633.27314,
          -25151525.85660657,
          -20943885.281002324,
          -16592237.947500793,
          -12156522.84895644,
          -7709810.030430186,
          -3333300.044176366,
          892269.3274319526,
          4896721.20546704,
          8628691.396358378,
          12059366.675702853,
          15181264.630562313,
          18003640.066043384,
          20546741.318923846,
          22836581.559756458,
          24900977.97798013,
          26766930.122753784,
          28459085.743088797
         ]
        },
        {
         "cauto": false,
         "cmax": 1,
         "cmin": 1,
         "colorscale": [
          [
           0,
           "rgb(31, 119, 180)"
          ],
          [
           1,
           "rgb(31, 119, 180)"
          ]
         ],
         "name": "2015-11-05 12:00",
         "showscale": false,
         "type": "surface",
         "x": [
          [
           -141674889.80502224,
           -141674889.80502224,
           -141674889.80502224,
           -141674889.80502224,
           -141674889.80502224,
           -141674889.80502224,
           -141674889.80502224,
           -141674889.80502224,
           -141674889.80502224,
           -141674889.80502224,
           -141674889.80502224,
           -141674889.80502224,
           -141674889.80502224,
           -141674889.80502224,
           -141674889.80502224,
           -141674889.80502224,
           -141674889.80502224,
           -141674889.80502224,
           -141674889.80502224,
           -141674889.80502224
          ],
          [
           -137133795.33321115,
           -137379844.35739186,
           -138091328.2003201,
           -139191146.54780522,
           -140560117.0164573,
           -142049890.41423243,
           -143499026.67726564,
           -144750489.40579143,
           -145668663.194729,
           -146154049.6671127,
           -146154049.66711274,
           -145668663.194729,
           -144750489.40579143,
           -143499026.67726564,
           -142049890.41423243,
           -140560117.01645732,
           -139191146.54780522,
           -138091328.2003201,
           -137379844.35739186,
           -137133795.33321115
          ],
          [
           -133084798.9097615,
           -133550233.728509,
           -134896101.10017487,
           -136976555.41175514,
           -139566147.1570154,
           -142384253.88870072,
           -145125490.0150016,
           -147492800.0669724,
           -149229649.2678819,
           -150147823.05681947,
           -150147823.05681947,
           -149229649.2678819,
           -147492800.0669724,
           -145125490.0150016,
           -142384253.88870072,
           -139566147.1570154,
           -136976555.41175514,
           -134896101.10017487,
           -133550233.728509,
           -133084798.9097615
          ],
          [
           -129966672.12380685,
           -130601055.6525445,
           -132435460.93994406,
           -135271101.70938504,
           -138800692.28399855,
           -142641746.7577846,
           -146378027.27840745,
           -149604649.8770921,
           -151971959.92906287,
           -153223422.65758866,
           -153223422.65758866,
           -151971959.92906287,
           -149604649.8770921,
           -146378027.27840745,
           -142641746.7577846,
           -138800692.28399858,
           -135271101.70938507,
           -132435460.93994406,
           -130601055.6525445,
           -129966672.12380685
          ],
          [
           -128117312.39532748,
           -128851899.33524191,
           -130976056.26175469,
           -134259597.81218746,
           -138346701.31015423,
           -142794465.6737053,
           -147120906.61987507,
           -150857187.14049795,
           -153598423.26679885,
           -155047559.52983207,
           -155047559.52983207,
           -153598423.26679885,
           -150857187.14049795,
           -147120906.61987507,
           -142794465.6737053,
           -138346701.31015423,
           -134259597.81218746,
           -130976056.26175469,
           -128851899.33524191,
           -128117312.39532748
          ],
          [
           -127737126.54667698,
           -128492313.00453767,
           -130676036.20748532,
           -134051655.86252385,
           -138253371.20189422,
           -142825861.1722447,
           -147273625.5357958,
           -151114680.00958183,
           -153932786.7412671,
           -155422560.13904226,
           -155422560.13904226,
           -153932786.7412671,
           -151114680.00958183,
           -147273625.5357958,
           -142825861.17224473,
           -138253371.20189422,
           -134051655.86252387,
           -130676036.20748532,
           -128492313.00453767,
           -127737126.54667698
          ],
          [
           -128867313.61374786,
           -129561263.41892038,
           -131567912.60530685,
           -134669809.59719208,
           -138530815.72461435,
           -142732531.0639847,
           -146819634.56195146,
           -150349225.13656497,
           -152938816.88182524,
           -154307787.3504773,
           -154307787.3504773,
           -152938816.88182524,
           -150349225.13656497,
           -146819634.56195146,
           -142732531.06398472,
           -138530815.72461435,
           -134669809.59719208,
           -131567912.60530685,
           -129561263.41892038,
           -128867313.61374786
          ],
          [
           -131385400.29116379,
           -131942913.21451704,
           -133555036.80862713,
           -136047072.46739733,
           -139148969.45928255,
           -142524589.11432108,
           -145808130.66475388,
           -148643771.43419486,
           -150724225.74577516,
           -151824044.0932603,
           -151824044.09326032,
           -150724225.74577516,
           -148643771.43419486,
           -145808130.66475388,
           -142524589.1143211,
           -139148969.45928255,
           -136047072.46739733,
           -133555036.80862713,
           -131942913.21451704,
           -131385400.29116379
          ],
          [
           -135018512.81528622,
           -135379173.68087053,
           -136422073.07660753,
           -138034196.67071763,
           -140040845.8571041,
           -142224569.06005174,
           -144348725.98656452,
           -146183131.27396408,
           -147528998.64562994,
           -148240482.48855814,
           -148240482.48855814,
           -147528998.64562994,
           -146183131.27396408,
           -144348725.98656452,
           -142224569.06005174,
           -140040845.8571041,
           -138034196.67071763,
           -136422073.07660753,
           -135379173.68087053,
           -135018512.81528622
          ],
          [
           -139372947.0705773,
           -139497672.6773767,
           -139858333.54296103,
           -140415846.4663143,
           -141109796.2714868,
           -141864982.7293475,
           -142599569.66926193,
           -143233953.19799957,
           -143699388.01674706,
           -143945437.0409278,
           -143945437.0409278,
           -143699388.01674706,
           -143233953.19799957,
           -142599569.66926193,
           -141864982.7293475,
           -141109796.2714868,
           -140415846.4663143,
           -139858333.54296103,
           -139497672.6773767,
           -139372947.0705773
          ],
          [
           -143976832.5394672,
           -143852106.93266776,
           -143491446.06708345,
           -142933933.1437302,
           -142239983.3385577,
           -141484796.88069698,
           -140750209.94078255,
           -140115826.4120449,
           -139650391.59329742,
           -139404342.56911668,
           -139404342.56911668,
           -139650391.59329742,
           -140115826.4120449,
           -140750209.94078255,
           -141484796.88069698,
           -142239983.3385577,
           -142933933.1437302,
           -143491446.06708345,
           -143852106.93266776,
           -143976832.5394672
          ],
          [
           -148331266.79475826,
           -147970605.92917395,
           -146927706.53343695,
           -145315582.93932685,
           -143308933.7529404,
           -141125210.54999274,
           -139001053.62347996,
           -137166648.3360804,
           -135820780.96441454,
           -135109297.12148634,
           -135109297.12148634,
           -135820780.96441454,
           -137166648.3360804,
           -139001053.62347996,
           -141125210.54999274,
           -143308933.7529404,
           -145315582.93932685,
           -146927706.53343695,
           -147970605.92917395,
           -148331266.79475826
          ],
          [
           -151964379.31888068,
           -151406866.39552742,
           -149794742.80141735,
           -147302707.14264715,
           -144200810.15076193,
           -140825190.4957234,
           -137541648.9452906,
           -134706008.17584962,
           -132625553.86426932,
           -131525735.51678419,
           -131525735.51678418,
           -132625553.86426932,
           -134706008.17584962,
           -137541648.9452906,
           -140825190.49572337,
           -144200810.15076193,
           -147302707.14264715,
           -149794742.80141735,
           -151406866.39552742,
           -151964379.31888068
          ],
          [
           -154482465.9962966,
           -153788516.19112408,
           -151781867.00473762,
           -148679970.0128524,
           -144818963.88543013,
           -140617248.5460598,
           -136530145.04809302,
           -133000554.47347951,
           -130410962.72821924,
           -129041992.25956717,
           -129041992.25956717,
           -130410962.72821924,
           -133000554.4734795,
           -136530145.04809302,
           -140617248.54605976,
           -144818963.88543013,
           -148679970.0128524,
           -151781867.00473762,
           -153788516.19112408,
           -154482465.9962966
          ],
          [
           -155612653.06336752,
           -154857466.6055068,
           -152673743.40255916,
           -149298123.74752063,
           -145096408.40815026,
           -140523918.43779978,
           -136076154.07424867,
           -132235099.60046265,
           -129416992.86877735,
           -127927219.47100224,
           -127927219.47100224,
           -129416992.86877735,
           -132235099.60046265,
           -136076154.07424867,
           -140523918.43779975,
           -145096408.40815026,
           -149298123.74752063,
           -152673743.40255916,
           -154857466.6055068,
           -155612653.06336752
          ],
          [
           -155232467.214717,
           -154497880.27480257,
           -152373723.3482898,
           -149090181.79785702,
           -145003078.29989025,
           -140555313.93633917,
           -136228872.9901694,
           -132492592.46954653,
           -129751356.34324564,
           -128302220.08021241,
           -128302220.08021241,
           -129751356.34324564,
           -132492592.46954653,
           -136228872.9901694,
           -140555313.93633917,
           -145003078.29989025,
           -149090181.79785702,
           -152373723.3482898,
           -154497880.27480257,
           -155232467.214717
          ],
          [
           -153383107.48623765,
           -152748723.95749998,
           -150914318.67010042,
           -148078677.90065944,
           -144549087.32604593,
           -140708032.85225987,
           -136971752.33163702,
           -133745129.73295239,
           -131377819.68098159,
           -130126356.95245582,
           -130126356.95245582,
           -131377819.68098159,
           -133745129.73295239,
           -136971752.33163702,
           -140708032.85225987,
           -144549087.3260459,
           -148078677.90065944,
           -150914318.67010042,
           -152748723.95749998,
           -153383107.48623765
          ],
          [
           -150264980.70028296,
           -149799545.88153547,
           -148453678.5098696,
           -146373224.19828933,
           -143783632.45302907,
           -140965525.72134376,
           -138224289.59504288,
           -135856979.54307207,
           -134120130.34216258,
           -133201956.55322501,
           -133201956.553225,
           -134120130.34216258,
           -135856979.54307207,
           -138224289.59504285,
           -140965525.72134376,
           -143783632.45302907,
           -146373224.19828933,
           -148453678.5098696,
           -149799545.88153547,
           -150264980.70028296
          ],
          [
           -146215984.27683333,
           -145969935.25265262,
           -145258451.40972438,
           -144158633.06223926,
           -142789662.5935872,
           -141299889.19581205,
           -139850752.93277884,
           -138599290.20425305,
           -137681116.41531548,
           -137195729.94293174,
           -137195729.94293174,
           -137681116.41531548,
           -138599290.20425305,
           -139850752.93277884,
           -141299889.19581205,
           -142789662.59358716,
           -144158633.06223926,
           -145258451.40972438,
           -145969935.25265262,
           -146215984.27683333
          ],
          [
           -141674889.80502224,
           -141674889.80502224,
           -141674889.80502224,
           -141674889.80502224,
           -141674889.80502224,
           -141674889.80502224,
           -141674889.80502224,
           -141674889.80502224,
           -141674889.80502224,
           -141674889.80502224,
           -141674889.80502224,
           -141674889.80502224,
           -141674889.80502224,
           -141674889.80502224,
           -141674889.80502224,
           -141674889.80502224,
           -141674889.80502224,
           -141674889.80502224,
           -141674889.80502224,
           -141674889.80502224
          ]
         ],
         "y": [
          [
           189876103.80062336,
           189876103.80062336,
           189876103.80062336,
           189876103.80062336,
           189876103.80062336,
           189876103.80062336,
           189876103.80062336,
           189876103.80062336,
           189876103.80062336,
           189876103.80062336,
           189876103.80062336,
           189876103.80062336,
           189876103.80062336,
           189876103.80062336,
           189876103.80062336,
           189876103.80062336,
           189876103.80062336,
           189876103.80062336,
           189876103.80062336,
           189876103.80062336
          ],
          [
           189876103.80062336,
           191350594.76522875,
           192665301.75473452,
           193677755.8670469,
           194278241.98925266,
           194401688.1325086,
           194034716.9917287,
           193217095.58416036,
           192037425.8760169,
           190623543.3846372,
           189128664.2166095,
           187714781.7252298,
           186535112.01708636,
           185717490.60951802,
           185350519.4687381,
           185473965.61199406,
           186074451.73419982,
           187086905.8465122,
           188401612.83601797,
           189876103.80062336
          ],
          [
           189876103.80062336,
           192665301.7547345,
           195152246.83165228,
           197067439.9433638,
           198203340.19893214,
           198436855.180358,
           197742679.9160456,
           196196039.06712225,
           193964535.1681742,
           191289986.29200307,
           188462221.30924365,
           185787672.4330725,
           183556168.53412446,
           182009527.6852011,
           181315352.42088872,
           181548867.40231457,
           182684767.65788293,
           184599960.76959443,
           187086905.8465122,
           189876103.80062336
          ],
          [
           189876103.80062336,
           193677755.8670469,
           197067439.9433638,
           199677831.1635375,
           201226053.13446912,
           201544331.98246914,
           200598177.25575155,
           198490119.50005946,
           195448599.4831084,
           191803213.09278065,
           187948994.50846606,
           184303608.1181383,
           181262088.10118726,
           179154030.34549516,
           178207875.61877757,
           178526154.4667776,
           180074376.4377092,
           182684767.65788293,
           186074451.73419982,
           189876103.80062336
          ],
          [
           189876103.80062336,
           194278241.98925266,
           198203340.19893214,
           201226053.13446912,
           203018822.9470745,
           203387375.20986268,
           202291771.566483,
           199850737.6717377,
           196328797.4246659,
           192107607.6995714,
           187644599.9016753,
           183423410.17658082,
           179901469.92950904,
           177460436.03476375,
           176364832.39138404,
           176733384.6541722,
           178526154.4667776,
           181548867.40231457,
           185473965.61199406,
           189876103.80062336
          ],
          [
           189876103.80062336,
           194401688.1325086,
           198436855.180358,
           201544331.9824691,
           203387375.20986268,
           203766262.53108835,
           202639935.62584883,
           200130449.49108943,
           196509745.8882007,
           192170184.23356056,
           187582023.36768615,
           183242461.713046,
           179621758.1101573,
           177112271.97539788,
           175985945.07015836,
           176364832.39138404,
           178207875.61877757,
           181315352.42088872,
           185350519.4687381,
           189876103.80062336
          ],
          [
           189876103.80062336,
           194034716.9917287,
           197742679.9160456,
           200598177.25575155,
           202291771.566483,
           202639935.62584883,
           201604940.4556948,
           199298943.84231183,
           195971836.2999841,
           191984161.55631545,
           187768046.04493126,
           183780371.30126262,
           180453263.7589349,
           178147267.14555192,
           177112271.97539788,
           177460436.03476372,
           179154030.34549516,
           182009527.6852011,
           185717490.60951802,
           189876103.80062336
          ],
          [
           189876103.80062336,
           193217095.58416036,
           196196039.06712225,
           198490119.50005946,
           199850737.6717377,
           200130449.49108943,
           199298943.84231183,
           197446327.2645895,
           194773359.51042658,
           191569698.1113548,
           188182509.48989192,
           184978848.09082013,
           182305880.33665726,
           180453263.7589349,
           179621758.11015728,
           179901469.929509,
           181262088.10118726,
           183556168.53412446,
           186535112.01708636,
           189876103.80062336
          ],
          [
           189876103.80062336,
           192037425.8760169,
           193964535.1681742,
           195448599.4831084,
           196328797.4246659,
           196509745.8882007,
           195971836.2999841,
           194773359.51042658,
           193044189.0759602,
           190971707.44400308,
           188780500.15724364,
           186708018.52528653,
           184978848.09082013,
           183780371.30126262,
           183242461.713046,
           183423410.17658082,
           184303608.1181383,
           185787672.4330725,
           187714781.7252298,
           189876103.80062336
          ],
          [
           189876103.80062336,
           190623543.3846372,
           191289986.29200307,
           191803213.09278065,
           192107607.6995714,
           192170184.23356056,
           191984161.55631545,
           191569698.1113548,
           190971707.44400308,
           190254991.12184903,
           189497216.47939768,
           188780500.15724364,
           188182509.48989192,
           187768046.04493126,
           187582023.36768615,
           187644599.9016753,
           187948994.50846606,
           188462221.30924365,
           189128664.2166095,
           189876103.80062336
          ],
          [
           189876103.80062336,
           189128664.2166095,
           188462221.30924365,
           187948994.50846606,
           187644599.9016753,
           187582023.36768615,
           187768046.04493126,
           188182509.48989192,
           188780500.15724364,
           189497216.47939768,
           190254991.12184903,
           190971707.44400308,
           191569698.1113548,
           191984161.55631545,
           192170184.23356056,
           192107607.6995714,
           191803213.09278065,
           191289986.29200307,
           190623543.3846372,
           189876103.80062336
          ],
          [
           189876103.80062336,
           187714781.7252298,
           185787672.4330725,
           184303608.1181383,
           183423410.17658082,
           183242461.713046,
           183780371.30126262,
           184978848.09082013,
           186708018.52528653,
           188780500.15724364,
           190971707.44400308,
           193044189.0759602,
           194773359.51042658,
           195971836.2999841,
           196509745.8882007,
           196328797.4246659,
           195448599.4831084,
           193964535.1681742,
           192037425.8760169,
           189876103.80062336
          ],
          [
           189876103.80062336,
           186535112.01708636,
           183556168.53412446,
           181262088.10118726,
           179901469.92950904,
           179621758.1101573,
           180453263.7589349,
           182305880.33665726,
           184978848.09082013,
           188182509.48989192,
           191569698.1113548,
           194773359.51042658,
           197446327.26458946,
           199298943.84231183,
           200130449.4910894,
           199850737.67173767,
           198490119.50005946,
           196196039.06712225,
           193217095.58416036,
           189876103.80062336
          ],
          [
           189876103.80062336,
           185717490.60951802,
           182009527.6852011,
           179154030.34549516,
           177460436.03476375,
           177112271.97539788,
           178147267.14555192,
           180453263.7589349,
           183780371.30126262,
           187768046.04493126,
           191984161.55631545,
           195971836.2999841,
           199298943.84231183,
           201604940.4556948,
           202639935.62584883,
           202291771.56648296,
           200598177.25575155,
           197742679.9160456,
           194034716.9917287,
           189876103.80062336
          ],
          [
           189876103.80062336,
           185350519.4687381,
           181315352.42088872,
           178207875.6187776,
           176364832.39138404,
           175985945.07015836,
           177112271.97539788,
           179621758.11015728,
           183242461.713046,
           187582023.36768615,
           192170184.23356056,
           196509745.8882007,
           200130449.4910894,
           202639935.62584883,
           203766262.53108835,
           203387375.20986268,
           201544331.98246914,
           198436855.180358,
           194401688.1325086,
           189876103.80062336
          ],
          [
           189876103.80062336,
           185473965.61199406,
           181548867.40231457,
           178526154.4667776,
           176733384.6541722,
           176364832.39138404,
           177460436.03476372,
           179901469.929509,
           183423410.17658082,
           187644599.9016753,
           192107607.6995714,
           196328797.4246659,
           199850737.67173767,
           202291771.566483,
           203387375.20986268,
           203018822.9470745,
           201226053.13446912,
           198203340.19893214,
           194278241.98925266,
           189876103.80062336
          ],
          [
           189876103.80062336,
           186074451.73419982,
           182684767.65788293,
           180074376.4377092,
           178526154.4667776,
           178207875.61877757,
           179154030.34549516,
           181262088.10118726,
           184303608.1181383,
           187948994.50846606,
           191803213.09278065,
           195448599.4831084,
           198490119.50005946,
           200598177.25575155,
           201544331.98246914,
           201226053.13446912,
           199677831.16353753,
           197067439.9433638,
           193677755.8670469,
           189876103.80062336
          ],
          [
           189876103.80062336,
           187086905.8465122,
           184599960.76959443,
           182684767.65788293,
           181548867.40231457,
           181315352.42088872,
           182009527.6852011,
           183556168.53412446,
           185787672.4330725,
           188462221.30924365,
           191289986.29200307,
           193964535.1681742,
           196196039.06712225,
           197742679.9160456,
           198436855.180358,
           198203340.19893214,
           197067439.9433638,
           195152246.83165228,
           192665301.75473452,
           189876103.80062336
          ],
          [
           189876103.80062336,
           188401612.83601797,
           187086905.8465122,
           186074451.73419982,
           185473965.61199406,
           185350519.4687381,
           185717490.60951802,
           186535112.01708636,
           187714781.7252298,
           189128664.2166095,
           190623543.3846372,
           192037425.8760169,
           193217095.58416036,
           194034716.9917287,
           194401688.1325086,
           194278241.98925266,
           193677755.8670469,
           192665301.75473452,
           191350594.76522875,
           189876103.80062336
          ],
          [
           189876103.80062336,
           189876103.80062336,
           189876103.80062336,
           189876103.80062336,
           189876103.80062336,
           189876103.80062336,
           189876103.80062336,
           189876103.80062336,
           189876103.80062336,
           189876103.80062336,
           189876103.80062336,
           189876103.80062336,
           189876103.80062336,
           189876103.80062336,
           189876103.80062336,
           189876103.80062336,
           189876103.80062336,
           189876103.80062336,
           189876103.80062336,
           189876103.80062336
          ]
         ],
         "z": [
          [
           42444616.680155054,
           42444616.680155054,
           42444616.680155054,
           42444616.680155054,
           42444616.680155054,
           42444616.680155054,
           42444616.680155054,
           42444616.680155054,
           42444616.680155054,
           42444616.680155054,
           42444616.680155054,
           42444616.680155054,
           42444616.680155054,
           42444616.680155054,
           42444616.680155054,
           42444616.680155054,
           42444616.680155054,
           42444616.680155054,
           42444616.680155054,
           42444616.680155054
          ],
          [
           41686842.03770369,
           41686842.03770369,
           41686842.03770369,
           41686842.03770369,
           41686842.03770369,
           41686842.03770369,
           41686842.03770369,
           41686842.03770369,
           41686842.03770369,
           41686842.03770369,
           41686842.03770369,
           41686842.03770369,
           41686842.03770369,
           41686842.03770369,
           41686842.03770369,
           41686842.03770369,
           41686842.03770369,
           41686842.03770369,
           41686842.03770369,
           41686842.03770369
          ],
          [
           39495634.75094429,
           39495634.75094429,
           39495634.75094429,
           39495634.75094429,
           39495634.75094429,
           39495634.75094429,
           39495634.75094429,
           39495634.75094429,
           39495634.75094429,
           39495634.75094429,
           39495634.75094429,
           39495634.75094429,
           39495634.75094429,
           39495634.75094429,
           39495634.75094429,
           39495634.75094429,
           39495634.75094429,
           39495634.75094429,
           39495634.75094429,
           39495634.75094429
          ],
          [
           36108446.12948141,
           36108446.12948141,
           36108446.12948141,
           36108446.12948141,
           36108446.12948141,
           36108446.12948141,
           36108446.12948141,
           36108446.12948141,
           36108446.12948141,
           36108446.12948141,
           36108446.12948141,
           36108446.12948141,
           36108446.12948141,
           36108446.12948141,
           36108446.12948141,
           36108446.12948141,
           36108446.12948141,
           36108446.12948141,
